47540
47541
47542
47543
47601
47628
47856
47892
47940
47944
47946
47972
47975
47976
47977
47979
48002
48011
48023
48073
48076
48084
48085
48086
48088
48089
48099
48172
48179
48185
48186
48187
48188
48189
48190
48232
48233
48236
48240
48246
48261
48263
48313
48320
48324
48326
48342
48347
48349
48364
48366
48416
48421
48461
48462
48469
48471
48516
48518
48519
48527
48533
48535
48639
48701
48706
48720
48726
48734
48735
48736
48742
48807
48812
48828
48832
48836
48839
48889
49029
49034
49061
49063
49067
49072
49110
49111
49113
49117
49121
49128
49132
49137
49138
49139
49142
49148
49157
49158
49168
49219
49229
49247
49248
49249
49250
49253
49255
49261
49265
49267
49270
49307
49316
49324
49330
49337
49342
49348
49351
49352
49358
49359
49361
49365
49374
49376
49378
49380
49382
49383
49384
49385
49401
49432
49433
49435
49438
49439
49440
49447
49448
49451
49456
49468
49655
49660
49665
49666
49737
49749
49751
49758
49914
49922
49926
49932
49968
