20859 23
20864 63
20867 48
20868 43
20869 83
20876 40
20877 77
20878 12
20880 26
20883 15
20885 54
20888 77
21199 119
21200 20
21560 10
21561 16
21562 19
21564 19
21565 14
21567 11
21568 19
21578 17
21579 16
21580 8
21581 23
21584 23
21587 18
21589 12
21594 3
21598 55
21599 65
21608 33
21609 50
21615 63
21616 59
21626 11
21627 16
21733 50
21739 103
21740 46
21744 21
21745 46
21747 46
21748 59
21750 46
21751 23
21754 13
21769 25
21770 47
21772 61
21774 73
21776 68
21778 45
21780 14
21782 46
21783 68
21785 62
21787 10
21788 30
21792 47
21793 53
21795 17
21796 78
21798 95
21923 16
21928 10
21933 20
21936 60
21939 70
21950 27
22026 42
22027 21
22033 16
22034 31
22037 16
22046 16
22055 10
22911 5
22946 4
22948 5
23020 18
23049 25
23050 23
23051 23
23052 41
23053 42
23055 42
23058 58
23059 64
23060 37
23536 20
23537 1
23539 53
23543 31
23547 72
23550 23
23552 16
23557 8
23558 42
23561 18
23562 34
23563 37
23566 54
23568 25
23572 46
23574 31
23575 15
23582 41
23590 24
23592 21
23594 38
23604 12
23605 7
23617 31
23618 25
23619 20
23671 26
23672 25
23676 19
23681 10
23682 17
23687 11
23690 17
23693 30
23694 30
23695 16
23696 109
23697 41
23699 15
23702 28
23714 29
23718 25
23721 9
23722 17
23723 19
23724 64
23725 16
23726 41
23727 24
23728 8
23735 10
23737 3
23738 12
23739 10
23740 16
23743 23
23745 46
23746 45
23761 4
24316 17
21813 140
21891 59
21979 42
22949 41
22951 41
22982 36
21518 19
21520 18
21889 97
