47006
47007
47012
47022
47032
47033
47034
47038
47053
47054
47056
47060
47061
47068
47084
47087
47089
47091
47102
47103
47105
47114
47124
47132
47137
47140
47146
47150
47158
47160
47161
47202
47203
47229
47287
47291
47306
47333
47342
47344
47346
47352
47360
47373
47376
47379
47381
47391
47393
47394
47395
47396
47397
47399
47443
47451
47454
47455
47457
47462
47463
47474
47480
47481
47482
47485
47492
47495
47505
47507
47514
47538
47539
47541
47548
47558
47568
47582
47628
47636
47657
47658
47659
47661
47662
47666
47715
47721
47722
47723
47729
47730
47748
47749
47757
47824
47852
47869
47973
47977
47978
47979
47998
47999
48001
48003
48008
48073
48082
48085
48099
48172
48179
48189
48190
48234
48238
48239
48244
48284
48320
48324
48325
48330
48343
48418
48427
48446
48463
48512
48524
48527
48638
48639
48640
48656
48706
48721
48725
48726
48730
48732
48734
48735
48736
48742
48745
48801
48803
48805
48811
48812
48813
48814
48826
48828
48830
48864
48868
48872
48873
48874
48875
48876
48883
48884
48885
48888
48889
48901
48903
48938
48940
48947
48951
48952
48976
48982
48983
48984
48986
48987
48989
48990
49019
49023
49026
49027
49031
49033
49034
49035
49043
49044
49050
49053
49057
49059
49062
49064
49065
49066
49067
49068
49070
49071
49072
49110
49113
49114
49117
49125
49126
49128
49132
49134
49135
49137
49139
49142
49144
49155
49158
49159
49165
49168
49220
49227
49228
49232
49244
49245
49246
49248
49249
49253
49254
49255
49261
49262
49263
49268
49308
49309
49313
49314
49316
49317
49324
49326
49329
49330
49332
49342
49345
49347
49348
49351
49352
49353
49358
49359
49360
49363
49365
49368
49373
49376
49377
49379
49382
49383
49385
49386
49389
49397
49398
49399
49400
49401
49404
49405
49407
49408
49432
49437
49439
49446
49447
49448
49449
49451
49452
49453
49454
49455
49457
49468
49652
49656
49657
49658
49659
49660
49661
49662
49664
49665
49666
49706
49710
49712
49719
49736
49760
49761
49762
49763
49910
49919
49921
49922
49923
49926
49928
49929
49930
49932
49955
49960
49961
49962
49964
49965
49967
49970
50000
50001
50034
50046
50047
50048
50067
50068
50070
50074
50075
50076
50077
50232
50253
50313
50330
50343
50356
50377
50380
50417
50424
50450
50454
50463
50466
50467
50468
50470
50471
50492
50493
50500
50517
50520
50522
50527
50528
50529
50530
50531
50535
50546
50549
50552
50553
50554
50558
50560
50561
50562
50563
50564
50565
50569
50570
50596
50598
50599
50601
50603
50604
50605
50606
50614
50615
50616
50653
50654
50655
50656
50660
50661
50662
50663
50667
50668
50669
50670
50672
50673
50674
50675
50676
50677
50678
50853
50854
50857
50862
50863
50872
50874
50875
50876
50885
50886
50897
50905
50909
50913
50924
50930
50937
50950
50962
50965
50969
50973
50987
50996
51002
51006
51008
51012
51107
51109
51159
51160
51162
51163
51165
51166
51175
51178
51179
51180
51181
51182
51183
51187
51200
51201
51202
51206
51208
51209
51210
51211
51212
51213
51214
51215
51217
51220
51221
51225
51226
51228
51230
51236
51237
51246
51254
51276
51284
51286
51295
51296
51298
51336
51338
51339
51380
51385
51395
51396
51428
51429
51430
51432
51434
51446
51449
51450
51453
51456
51457
51503
51505
51509
51512
51516
51560
51563
51564
51575
51606
51607
51615
51616
51617
51618
51687
51695
51697
51699
51700
51701
51702
51704
51712
51719
51738
51740
51741
51753
51772
51778
51825
51826
51831
51839
51840
51841
51842
51843
51859
51860
51865
51878
51906
51908
51921
51924
51925
51929
51941
51942
51943
51944
51945
51947
51948
51949
51954
51955
51958
51960
51977
51978
51983
51988
51997
52019
52025
52027
52030
52034
52038
52043
52044
52045
52050
52065
52068
52097
52103
52104
52108
52109
52110
52112
52144
52194
52199
52205
52268
52276
52287
52289
52290
52291
52295
52314
52317
52319
52323
52325
52326
52344
52345
52348
52357
52360
52366
52367
52368
52370
52372
52378
52380
52381
52391
52394
52395
52396
52397
52402
52403
52405
52415
52417
52418
52419
52420
52421
52422
52423
52434
52437
52440
52441
52442
52448
52456
52459
52460
52467
52470
52474
52485
52522
52576
52580
52593
52595
52610
52616
52618
52619
52627
52629
52637
52638
52652
52653
52656
52658
52660
52677
52680
52685
52724
52728
52749
52752
52753
52754
52756
52778
52779
52782
52783
52784
52805
52813
52814
52816
52849
52857
52858
52874
52875
52879
52895
52897
52898
52902
52905
52910
52911
53019
53020
53021
53026
53027
53049
53050
53052
53055
53056
53057
53058
53064
53065
53067
53068
53069
53070
53073
53074
53080
53082
53166
53172
53173
53194
53197
53201
53202
53204
53213
53216
53217
53218
53221
53223
53224
53226
53243
53244
53246
53247
53248
53257
53258
53259
53260
53261
53289
53290
53291
53292
53296
53297
53300
53307
53308
53311
53312
53313
53330
53333
53334
53337
53338
53340
53341
53342
53343
53346
53347
53364
53366
53367
53369
53374
53375
53376
53377
53378
53386
53387
53388
53389
53392
53393
53394
53398
53406
53409
53410
53411
53412
53424
53428
53451
53452
53454
53465
53469
53471
53473
53474
53483
53488
53491
53493
53505
53511
53512
53513
53514
53515
53516
53517
53519
53531
53532
53537
53538
53539
53551
53552
53553
53554
53555
53556
53559
53581
53582
53584
53585
53586
53587
53592
53593
53596
53617
53618
53619
53622
53624
53625
53632
53634
53637
53639
53647
53649
53650
53667
53668
53669
53672
53673
53674
53680
53686
53687
53705
53710
53711
53714
53716
53717
53719
53720
53735
53740
53741
53742
53743
53752
53755
53756
53757
53770
53776
53783
53784
53785
53788
53789
53790
53791
53794
53795
53812
53813
53819
53820
53821
53822
53823
53824
53827
53831
53832
53835
53853
53856
53857
53864
53875
54141
54142
54144
54165
54169
54173
54182
54185
54193
54211
54216
54223
54227
54228
54230
54263
54277
54279
54364
54373
54374
54408
54425
54431
54432
54435
54436
54438
54466
54467
54482
54484
54488
54489
54491
54494
54497
54498
54527
54528
54529
54531
54535
54545
54548
54589
54590
54599
54602
54682
54707
54748
54749
54794
54804
54806
54861
54862
54863
54871
54896
54900
54906
54907
54908
54913
54917
54919
54920
54930
54931
54935
66490
66491
66522
66524
66530
66538
66541
66593
66613
66618
66639
66643
66682
66685
66686
66705
66717
66727
66728
66737
66739
66740
66741
66742
66743
66745
66746
66748
66749
