run       gl1daq   seb00    seb01    seb02    seb03    seb04    seb05    seb06    seb07    seb08    seb09    seb10    seb11    seb12    seb13    seb14    seb15    seb16    seb17    seb18    seb19    seb20
----------------------------------------------------------------------------------------------------------------------------------------------------------------------------------------
47306    5719352      -1       -1       -1       -1       -1       -1       -1       -1       -1       -1       -1       -1       -1       -1       -1       -1      -55       -1                         -1
47333    5624754       1        1        1        1        1        1        1        1        1        1        1        1        1        1        1        1      -52        1                          1
47352   28861725      -1       -1       -1       -1       -1       -1       -1       -1       -1       -1       -1       -1       -1       -1       -1       -1       -1      -54                         -1
47360   27332367      -1       -1       -1       -1       -1      -60       -1       -1       -1       -1       -1       -1       -1       -1       -1       -1       -1       -1                         -1
47376   20736120      -1       -1       -1       -1       -1       -1       -1       -1       -1       -1       -1       -1       -1       -1       -1       -1       -1       -1                         -2
47379   10224474      -1       -1       -1       -1       -1       -1       -1       -1       -1       -1       -1       -1       -1       -1       -1       -1       -1       -1                        -56
47381   11545460      -1       -1       -1       -1       -1       -1       -1       -1       -1       -1       -1       -1       -1       -1       -1      -64       -1       -1                         -1
47391   17658024      -1       -1       -1       -1       -1       -1       -1       -1       -1       -1       -1       -1       -1       -1       -1       -1       -1       -1                        -57
47393    4778934      -1       -1       -1       -1       -1       -1       -1       -1       -1       -1       -1       -1       -1       -1       -1       -1       -1      -55                         -1
47394    4484785      -1       -1       -1       -1       -1       -1       -1       -1       -1       -1       -1       -1       -1      -62       -1       -1       -1       -1                         -1
47395   16593693      -1       -1       -1       -1       -1       -1       -1       -1       -1       -1       -1       -1       -1       -1       -1       -1      -54       -1                         -1
47396   22163725      -1       -1       -1       -1       -1       -1       -1       -1       -1       -1       -1       -1       -1       -1       -1       -1      -55       -1                         -1
47454   25472015       1        1        1        1        1        1        1        1        1        1        1        1        1        1        1        1      -51        1                          1
47457   18797018      -1       -1       -1      -61       -1       -1       -1       -1       -1       -1       -1       -1       -1       -1       -1       -1       -1       -1                         -1
47463   36542554       2        2        2        2        2        2        2        2        2        2        2        2        2        2        2        2      -51        2                          2
47474   13365675      -1       -1       -1       -1       -1       -1       -1       -1       -1       -1       -1       -1       -1       -1       -1       -1      -54       -1                         -1
47480   15404634      -1       -1       -1       -1       -1       -1       -1      -61       -1       -1       -1       -1       -1       -1       -1       -1       -1       -1                         -1
47481    3921226      -1       -1       -1       -1       -1       -1       -1       -1       -1       -1       -1       -1       -1       -1       -1       -1       -1      -53                         -1
47482    6519087       0        0        0        0        0        0        0        0        0        0        0        0        0        0      -62        0        0        0                         -1
47485    6458695      -1       -1       -1       -1       -1       -1       -1       -1       -1       -1       -1       -1       -1       -1       -1       -1      -54       -1                         -1
47492   11739649      -1       -1       -1       -1       -1       -1       -1       -1       -1       -1       -1       -1       -1       -1      -62       -1       -1       -1                         -1
47495   29824723      -1       -1       -1       -1       -1       -1       -1       -1       -1       -1       -1       -1       -1       -1       -1       -1      -55       -1                         -1
47507   17676234      -1       -1       -1       -1       -1       -1       -1       -1       -1       -1      -62       -1       -1       -1       -1       -1       -1       -1                         -1
47514   13610562      -1       -1       -1       -1       -1       -1       -1       -1       -1      -62       -1       -1       -1       -1       -1       -1       -1       -1                         -1
47568   15771899      -1       -1       -1       -1       -1       -1       -1       -1       -1       -1       -1       -1       -1       -1       -1       -1       -1      -54                         -1
47582   18198569      -1       -1       -1       -1       -1       -1       -1       -1       -1       -1       -1       -1       -1       -1       -1       -1      -55       -1                         -1
47628   21981211       1        1        1        1        1        1        1        1        1        1        1        1        1      -59        1        1        1        1                          1
47636   10424846      -1       -1       -1       -1       -1       -1       -1       -1       -1       -1       -1       -1       -1       -1       -1       -1       -1       -1                        -58
47657   13304902      -1       -1       -1       -1       -1      -60       -1       -1       -1       -1       -1       -1       -1       -1       -1       -1       -1       -1                         -1
47658   30415502      -1       -1       -1       -1       -1       -1       -1       -1       -1       -1       -1       -1       -1       -1       -1       -1      -55       -1                         -1
47659    7225445      -1       -1       -1       -1       -1       -1       -1       -1       -1       -1       -1       -1       -1       -1       -1       -1      -55       -1                         -1
47661   18810486      -1       -1       -1       -1       -1       -1       -1       -1       -1       -1       -1       -1       -1      -61       -1       -1       -1       -1                         -1
47662   12285437      -1       -1       -1       -1       -1       -1       -1       -1       -1       -1       -1       -1       -1       -1       -1       -1       -1       -1                        -57
47666   14359484      -1       -1       -1       -1       -1       -1       -1       -1       -1       -1       -1       -1       -1       -1       -1       -1       -1      -55                         -1
47715    5967646      -1       -1       -1       -1       -1       -1       -1       -1       -1       -1       -1       -1       -1       -1       -1       -1      -54       -1                         -1
47722   22422857      -1       -1       -1       -1       -1       -1       -1       -1       -1       -1       -1       -1       -1      -61       -1       -1       -1       -1                         -1
47723   24360640      -1       -1       -1       -1       -1       -1       -1       -1       -1       -1       -1       -1       -1       -1       -1       -1       -1       -1                        -57
47730    5904019      -1       -1       -1       -1       -1       -1       -1       -1       -1       -1       -1       -1       -1       -1       -1       -1      -55       -1                         -1
47824   20538683      -1       -1       -1       -1       -1      -59       -1       -1       -1       -1       -1       -1       -1       -1       -1       -1       -1       -1                         -1
47852    5328240      -1       -1       -1       -1       -1      -59       -1       -1       -1       -1       -1       -1       -1       -1       -1       -1       -1       -1                         -1
47869    7244886      -1       -1       -1       -1       -1       -1       -1       -1       -1       -1       -1       -1       -1       -1      -60       -1       -1       -1                         -1
47977    9026869      -1       -1       -1       -1       -1       -1       -1       -1       -1       -1       -1       -1       -1       -1       -1       -1       -1      -54                         -1
47978   19888140      -1       -1       -1       -1       -1      -60       -1       -1       -1       -1       -1       -1       -1       -1       -1       -1       -1       -1                         -1
47979   23515521      -1       -1       -1       -1       -1       -1       -1       -1       -1       -1       -1       -1       -1       -1       -1      -60       -1       -1                         -1
47999   13743305      -1       -1       -1       -1       -1       -1       -1       -1       -1       -1       -1       -1       -1       -1       -1       -1       -1      -55                         -1
48001    9755536      -1       -1       -1       -1       -1       -1       -1       -1       -1       -1       -1       -1       -1       -1       -1       -1      -54       -1                         -1
48008   21461532      -1       -1       -1       -1       -1       -1       -1       -1       -1       -1       -1       -1       -1       -1       -1       -1       -1       -1                        -57
48073   19365131      -1       -1       -1       -1       -1       -1       -1       -1       -1       -1       -1       -1       -1       -1      -59       -1       -1       -1                         -1
48082    6352697    1872     1872     1872     1872     1872     1872     1872     1872     1872     1872     1872     1872     1814     1872     1872     1872     1872     1872                       1872
48085   21272896      -1       -1       -1       -1       -1       -1       -1      -59       -1       -1       -1       -1       -1       -1       -1       -1       -1       -1                         -1
48099   25936487    1904     1904     1904     1904     1904     1904     1904     1904     1904     1904     1904     1904     1904     1904     1904     1904     1904     1851                       1904
48239   11889489      -1       -1       -1       -1       -1       -1       -1      -58       -1       -1       -1       -1       -1       -1       -1       -1       -1       -1                         -1
48244    3407109      -1       -1       -1       -1       -1       -1       -1       -1       -1       -1       -1       -1       -1       -1       -1       -1       -1       -1                         -2
48320    8114810      -1       -1       -1       -1       -1       -1       -1       -1       -1       -1       -1       -1       -1      -58       -1       -1       -1       -1                         -1
48325   16390704      -1       -1       -1       -1       -1       -1       -1       -1       -1       -1       -1       -1       -1       -1     -269       -1       -1       -1                         -1
48343    4273893      -1       -1       -1       -1       -1       -1       -1       -1       -1       -1       -1       -1       -1       -1       -1       -1       -1      -54                         -1
48418    2724398      -1       -1       -1       -1       -1       -1       -1       -1       -1       -1       -1       -1       -1       -1       -1       -1       -1      -54                         -1
48512    6222907      -1       -1       -1       -1       -1       -1       -1       -1       -1       -1       -1       -1       -1       -1       -1       -1       -1      -53                         -1
48656    4057842      -1       -1       -1       -1       -1       -1       -1       -1       -1       -1       -1       -1       -1       -1       -1       -1       -1      -54                         -1
48721    7694852      -1       -1       -1       -1       -1       -1       -1      -58       -1       -1       -1       -1       -1       -1       -1       -1       -1       -1                         -1
48725   17624151      -1       -1       -1       -1       -1      -57       -1       -1       -1       -1       -1       -1       -1       -1       -1       -1       -1       -1                         -1
48726   25675490      -1       -1       -1       -1       -1       -1       -1       -1       -1       -1       -1       -1       -1      -58       -1       -1       -1       -1                         -1
48732    3237996      -1       -1       -1       -1       -1       -1       -1       -1       -1       -1       -1       -1       -1       -1       -1       -1       -1       -1                        -57
48734   18909666      -1       -1       -1       -1       -1       -1       -1       -1       -1       -1       -1       -1       -1       -1       -1       -1       -1      -54                         -1
48742   43806222      -1       -1       -1       -1       -1       -1       -1       -1       -1       -1       -1       -1       -1       -1       -1       -1       -1       -1                         -2
48745    4537354      -1       -1       -1       -1       -1       -1       -1       -1       -1       -1       -1       -1       -1       -1       -1       -1       -1      -54                         -1
48801   19339925      -1       -1       -1       -1       -1       -1       -1       -1       -1       -1       -1       -1       -1       -1       -1       -1      -53       -1                         -1
48803    9973597      -1       -1       -1       -1       -1      -57       -1       -1       -1       -1       -1       -1       -1       -1       -1       -1       -1       -1                         -1
48805   14495394      -1       -1       -1       -1      -56       -1       -1       -1       -1       -1       -1       -1       -1       -1       -1       -1       -1       -1                         -1
48813   11762840      -1       -1       -1       -1       -1       -1       -1       -1       -1       -1       -1       -1       -1       -1       -1       -1       -1      -53                         -1
48826   15095084      -1       -1       -1       -1       -1       -1       -1       -1       -1       -1       -1       -1       -1       -1       -1      -56       -1       -1                         -1
48828   32736732      -1       -1       -1       -1       -1       -1       -1       -1       -1       -1       -1       -1       -1       -1       -1       -1      -55       -1                         -1
48864   15553556      -1       -1       -1       -1       -1       -1       -1       -1       -1       -1       -1       -1       -1       -1       -1       -1      -54       -1                         -1
48883    4128143      -1       -1       -1       -1       -1       -1       -1       -1       -1       -1       -1       -1       -1       -1       -1      -57       -1       -1                         -1
48885    2569467      -1       -1       -1       -1       -1       -1       -1       -1       -1       -1       -1       -1       -1       -1       -1       -1      -53       -1                         -1
48901    5655253      -1       -1       -1       -1       -1       -1       -1       -1       -1       -1       -1       -1       -1       -1       -1       -1       -1       -1                        -56
48903   24222581      -1       -1       -1       -1       -1       -1       -1       -1       -1       -1       -1       -1       -1       -1       -1      -58       -1       -1                         -1
48938    7741367      -1       -1       -1       -1       -1       -1       -1       -1       -1       -1       -1       -1       -1       -1       -1       -1       -1       -1                        -57
48940    6332258      -1       -1       -1       -1       -1       -1       -1       -1       -1       -1       -1       -1       -1       -1       -1       -1      -54       -1                         -1
48951    7438058      -1       -1       -1       -1       -1       -1       -1       -1       -1       -1       -1       -1       -1       -1       -1       -1      -54       -1                         -1
48982    7457719      -1       -1       -1       -1       -1       -1       -1       -1       -1       -1       -1       -1       -1       -1       -1      -57       -1       -1                         -1
48983   22871225      -1       -1       -1       -1       -1       -1       -1       -1       -1       -1       -1       -1       -1       -1       -1       -1      -54       -1                         -1
48984   10298638      -1       -1       -1       -1       -1       -1       -1       -1       -1       -1       -1       -1       -1       -1       -1       -1      -54       -1                         -1
48986   13798468      -1       -1       -1       -1       -1       -1       -1       -1       -1       -1       -1       -1       -1       -1       -1      -56       -1       -1                         -1
48987    4965139      -1       -1       -1       -1       -1      -56       -1       -1       -1       -1       -1       -1       -1       -1       -1       -1       -1       -1                         -1
48990   10018087      -1       -1       -1       -1       -1       -1       -1       -1       -1       -1       -1       -1       -1       -1       -1       -1      -54       -1                         -1
49023   10397960      -1       -1       -1       -1       -1       -1       -1       -1       -1       -1       -1       -1       -1       -1       -1       -1      -54       -1                         -1
49026    5689801      -1       -1       -1       -1       -1       -1       -1       -1       -1       -1       -1       -1       -1       -1       -1       -1      -56       -1                         -1
49027    5065504      -1       -1       -1       -1       -1       -1       -1      -57       -1       -1       -1       -1       -1       -1       -1       -1       -1       -1                         -1
49031    6690681      -1       -1       -1       -1       -1       -1       -1      -56       -1       -1       -1       -1       -1       -1       -1       -1       -1       -1                         -1
49035    6341690      -1       -1       -1       -1       -1       -1       -1       -1       -1       -1       -1       -1       -1       -1      -57       -1       -1       -1                         -1
49053   14260031      -1       -1       -1       -1       -1       -1       -1       -1       -1       -1       -1       -1       -1       -1      -58       -1       -1       -1                         -1
49062   13436843      -1       -1       -1       -1       -1       -1       -1       -1       -1       -1       -1       -1       -1       -1       -1       -1      -54       -1                         -1
49065   20471442      -1       -1      -57       -1       -1       -1       -1       -1       -1       -1       -1       -1       -1       -1       -1       -1       -1       -1                         -1
49066   10528231      -1       -1       -1       -1       -1       -1       -1       -1       -1      -59       -1       -1       -1       -1       -1       -1       -1       -1                         -1
49067   15627554      -1       -1      -56       -1       -1       -1       -1       -1       -1       -1       -1       -1       -1       -1       -1       -1       -1       -1                         -1
49070   11836003      -1       -1       -1       -1       -1       -1       -1       -1       -1       -1       -1       -1       -1       -1       -1       -1      -54       -1                         -1
49071   11464184      -1       -1       -1       -1       -1       -1       -1      -57       -1       -1       -1       -1       -1       -1       -1       -1       -1       -1                         -1
49072   16892206      -1       -1       -1       -1       -1       -1       -1       -1       -1       -1       -1       -1       -1       -1       -1       -1       -1      -54                         -1
49113   15523001      -1      -57       -1       -1       -1       -1       -1       -1       -1       -1       -1       -1       -1       -1       -1       -1       -1       -1                         -1
49125   20711588      -1       -1      -56       -1       -1       -1       -1       -1       -1       -1       -1       -1       -1       -1       -1       -1       -1       -1                         -1
49128   20333400      -1       -1       -1       -1       -1       -1       -1      -56       -1       -1       -1       -1       -1       -1       -1       -1       -1       -1                         -1
49159   19526196      -1       -1       -1       -1       -1      -56       -1       -1       -1       -1       -1       -1       -1       -1       -1       -1       -1       -1                         -1
49165    8617854      -1       -1       -1       -1       -1       -1       -1      -57       -1       -1       -1       -1       -1       -1       -1       -1       -1       -1                         -1
49227   14372513      -1       -1       -1       -1       -1       -1       -1       -1       -1       -1       -1       -1       -1       -1       -1       -1       -1       -1                        -56
49228   19595845      -1       -1       -1       -1       -1       -1       -1       -1       -1       -1       -1       -1       -1       -1       -1       -1      -54       -1                         -1
49244   14203840     -56       -1       -1       -1       -1       -1       -1       -1       -1       -1       -1       -1       -1       -1       -1       -1       -1       -1                         -1
49245    7232892      -1       -1      -56       -1       -1       -1       -1       -1       -1       -1       -1       -1       -1       -1       -1       -1       -1       -1                         -1
49248   29955846      -1       -1       -1       -1       -1       -1       -1       -1       -1       -1       -1       -1       -1       -1       -1       -1      -53       -1                         -1
49249   20557374      -1       -1       -1       -1       -1       -1       -1       -1       -1       -1       -1       -1       -1       -1      -56       -1       -1       -1                         -1
49254    7870666      -1       -1       -1       -1       -1       -1       -1       -1       -1       -1       -1       -1       -1       -1       -1       -1      -54       -1                         -1
49262    9225794      -1      -56       -1       -1       -1       -1       -1       -1       -2       -1       -1       -1       -1       -1       -1       -1       -1       -1                         -1
49263   11069363      -1       -1       -1       -1       -1       -1       -1       -1       -1       -1       -1       -1       -1       -1       -1       -1      -53       -1                         -1
49268   11210141      -1       -1      -56       -1       -1       -1       -1       -1       -1       -1       -1       -1       -1       -1       -1       -1       -1       -1                         -1
49308    5920019      -1       -1      -56       -1       -1       -1       -1       -1       -1       -1       -1       -1       -1       -1       -1       -1       -1       -1                         -1
49309    9198816      -1       -1       -1       -1       -1       -1       -1       -1       -1       -1       -1       -1       -1       -1       -1       -1      -52       -1                         -1
49313    4560825      -1      -57       -1       -1       -1       -1       -1       -1       -1       -1       -1       -1       -1       -1       -1       -1       -1       -1                         -1
49314   18559960      -1       -1      -56       -1       -1       -1       -1       -1       -1       -1       -1       -1       -1       -1       -1       -1       -1       -1                         -1
49316   19548204      -1       -1      -56       -1       -1       -1       -1       -1       -1       -1       -1       -1       -1       -1       -1       -1       -1       -1                         -1
49317    4035606      -1       -1       -1       -1       -1       -1       -1       -1       -1       -1       -1       -1       -1       -1       -1       -1       -1      -53                         -1
49324   17295644      -1       -1       -1       -1       -1       -1       -1       -1       -1       -1       -1       -1       -1       -1       -1       -1      -53       -1                         -1
49329    9220393      -1       -1       -1       -1       -1       -1       -1       -1       -1       -1       -1       -1       -1       -1       -1       -1       -1      -54                         -1
49330   12892846      -1       -1       -1       -1       -1       -1       -1       -1       -1       -1       -1       -1       -1      -56       -1       -1       -1       -1                         -1
49345   14425945      -1       -1       -1       -1       -1       -1       -1       -1       -1       -1       -1       -1       -1       -1       -1      -57       -1       -1                         -1
49347    4306129      -1       -1       -1       -1      -56       -1       -1       -1       -1       -1       -1       -1       -1       -1       -1       -1       -1       -1                         -1
49348   17991942      -1       -1       -1       -1       -1      -56       -1       -1       -1       -1       -1       -1       -1       -1       -1       -1       -1       -1                         -1
49351   10089008      -1       -1       -1       -1       -1       -1       -1       -1       -1       -1       -1       -1       -1       -1       -1       -1      -55       -1                         -1
49352   23332420      -1       -1       -1       -1       -1      -56       -1       -1       -1       -1       -1       -1       -1       -1       -1       -1       -1       -1                         -1
49358   18866637      -1       -1       -1       -1       -1       -1       -1       -1       -1       -1       -1       -1       -1       -1       -1       -1       -1      -54                         -1
49359   18814875      -1       -1       -1       -1       -1       -1       -1       -1       -1       -1      -56       -1       -1       -1       -1       -1       -1       -1                         -1
49360   12892154      -1       -1       -1       -1       -1       -1       -1       -1       -1       -1       -1       -1       -1       -1       -1       -1      -54       -1                         -1
49365   25176778      -1       -1      -56       -1       -1       -1       -1       -1       -1       -1       -1       -1       -1       -1       -1       -1       -1       -1                         -1
49368    6271817      -1       -1       -1       -1       -1      -56       -1       -1       -1       -1       -1       -1       -1       -1       -1       -1       -1       -1                         -1
49376   11635697      -1       -1      -55       -1       -1       -1       -1       -1       -1       -1       -1       -1       -1       -1       -1       -1       -1       -1                         -1
49377   10043628     -56       -1       -1       -1       -1       -1       -1       -1       -1       -1       -1       -1       -1       -1       -1       -1       -1       -1                         -1
49379    7232674      -1       -1       -1       -1       -1       -1       -1       -1       -1       -1      -56       -1       -1       -1       -1       -1       -1       -1                         -1
49382   15085471      -1       -1       -1       -1      -56       -1       -1       -1       -1       -1       -1       -1       -1       -1       -1       -1       -1       -1                         -1
49383   21470957      -1       -1       -1       -1       -1       -1       -1       -1       -1       -1       -1       -1       -1       -1       -1       -1      -54       -1                         -1
49385   18749554      -1       -1       -1       -1       -1       -1       -1       -1       -1       -1       -1       -1       -1       -1      -56       -1       -1       -1                         -1
49432   10214877      -1      -56       -1       -1       -1       -1       -1       -1       -1       -1       -1       -1       -1       -1       -1       -1       -1       -1                         -1
49437    5213511      -1       -1       -1       -1       -1       -1       -1       -1       -1       -1       -1       -1       -1       -1       -1       -1      -53       -1                         -1
49439   10826951      -1       -1       -1       -1       -1       -1       -1       -1       -1      -56       -1       -1       -1       -1       -1       -1       -1       -1                         -1
49446    6513770      -1       -1       -1       -1       -1       -1       -1       -1       -1       -1       -1       -1       -1      -56       -1       -1       -1       -1                         -1
49447   25278470      -1       -1       -1       -1       -1       -1       -1       -1       -1       -1       -1       -1       -1       -1       -1       -1      -54       -1                         -1
49448   16197812      -1       -1       -1       -1       -1       -1       -1       -1       -1       -1       -1       -1      -57       -1       -1       -1       -1       -1                         -1
49449    3614152      -1       -1       -1       -1       -1      -56       -1       -1       -1       -1       -1       -1       -1       -1       -1       -1       -1       -1                         -1
49451   28141570      -1       -1       -1       -1       -1       -1       -1       -1       -1       -1       -1       -1       -1       -1       -1      -56       -1       -1                         -1
49452   11850158      -1       -1       -1       -1       -1       -1       -1       -1       -1       -1       -1       -1       -1      -56       -1       -1       -1       -1                         -1
49453   13407576      -1       -1       -1       -1       -1       -1       -1       -1       -1       -1       -1       -1       -1       -1       -1       -1      -53       -1                         -1
49454    8513416      -1       -1       -1       -1       -1       -1       -1       -1       -1       -1       -1       -1       -1       -1       -1      -55       -1       -1                         -1
49455    3141761      -1       -1       -1       -1       -1      -55       -1       -1       -1       -1       -1       -1       -1       -1       -1       -1       -1       -1                         -1
49457   12474189      -1       -1       -1       -1       -1       -1       -1       -1       -1       -1       -1       -1       -1       -1      -56       -1       -1       -1                         -1
49468   15333030    6278     7989     5043     -364     6810     2129     -363     -254      421    19977     3936    17924    21427     6189     -358     2686     1142     1043                        -51
49652    3835253      -1       -1       -1       -1       -1      -56       -1       -1       -1       -1       -1       -1       -1       -1       -1       -1       -1       -1                         -1
49656   15384944      -1       -1       -1       -1       -1       -1       -1       -1       -1       -1      -57       -1       -1       -1       -1       -1       -1       -1                         -1
49658    3544001      -1       -1       -1       -1       -1       -1       -1       -1       -1       -1       -1       -1       -1       -1       -1       -1       -1      -53                         -1
49659   13996495      -1       -1      -56       -1       -1       -1       -1       -1       -1       -1       -1       -1       -1       -1       -1       -1       -1       -1                         -1
49660    7973469      -1       -1       -1       -1       -1       -1       -1       -1       -1       -1       -1       -1       -1       -1       -1       -1       -1      -54                         -1
49661   10588601      -1       -1       -1       -1       -1       -1       -1       -1       -1       -1      -56       -1       -1       -1       -1       -1       -1       -1                         -1
49662    7480096      -1       -1       -1       -1       -1       -1       -1       -1       -1       -1       -1       -1       -1       -1       -1       -1      -53       -1                         -1
49664    7333177      -1       -1       -1       -1       -1       -1       -1       -1       -1       -1       -1       -1       -1       -1      -56       -1       -1       -1                         -1
49736    2427557      -1       -1       -1       -1       -1       -1       -1       -1       -1       -1       -1       -1       -1       -1       -1      -55       -1       -1                         -1
49760   10356374      -1       -1       -1       -1       -1       -1       -1       -1       -1       -1      -56       -1       -1       -1       -1       -1       -1       -1                         -1
49761    3379377      -1       -1       -1       -1       -1       -1       -1       -1       -1       -1       -1       -1      -56       -1       -1       -1       -1       -1                         -1
49762    2657904     -55       -1       -1       -1       -1       -1       -1       -1       -1       -1       -1       -1       -1       -1       -1       -1       -1       -1                         -1
49919    8011251      -1       -1       -1       -1       -1       -1       -1       -1       -1       -1       -1       -1      -56       -1       -1       -1       -1       -1                         -1
49922   23880540      -1      -58       -1       -1       -1       -1       -1       -1       -1       -1       -1       -1       -1       -1       -1       -1       -1       -1                         -1
49923   27970441      -1       -1       -1       -1       -1       -1       -1       -1       -1       -1       -1       -1       -1       -1       -1       -1      -53       -1                         -1
49926   13053691     -55       -1       -1       -1       -1       -1       -1       -1       -1       -1       -1       -1       -1       -1       -1       -1       -1       -1                         -1
49928    2370190      -1       -1       -1       -1       -1       -1      -57       -1       -1       -1       -1       -1       -1       -1       -1       -1       -1       -1                         -1
49930    2542149      -1       -1       -1       -1       -1       -1       -1       -1       -1       -1       -1       -1       -1       -1       -1       -1      -54       -1                         -1
49962    7940040      -1       -1       -1       -1       -1       -1       -1       -1       -1       -1       -1       -1       -1      -56       -1       -1       -1       -1                         -1
49964    8752513      -1       -1       -1       -1       -1       -1       -1       -1       -1       -1       -1      -55       -1       -1       -1       -1       -1       -1                         -1
49967    7576124      -1       -1       -1       -1       -1       -1       -1       -1       -1       -1       -1      -55       -1       -1       -1       -1       -1       -1                         -1
49970   30037381      -1       -1       -1       -1       -1      -56       -1       -1       -1       -1       -1       -1       -1       -1       -1       -1       -1       -1                         -1
50034   24445266      -1       -1       -1       -1       -1       -1       -1       -1       -1       -1       -1       -1       -1       -1       -1       -1      -54       -1                         -1
50046    9325036      -1       -1      -55       -1       -1       -1       -1       -1       -1       -1       -1       -1       -1       -1       -1       -1       -1       -1                         -1
50047   10761247      -1       -1       -1       -1       -1       -1       -1       -1       -1       -1       -1       -1       -1       -1       -1       -1       -1       -1                        -56
50068    9020017      -1       -1       -1       -1       -1       -1       -1       -1       -1       -1       -1       -1       -1       -1      -55       -1       -1       -1                         -1
50070    5958981      -1       -1       -1       -1       -1       -1       -1       -1       -1       -1       -1       -1       -1       -1      -57       -1       -1       -1                         -1
50076    7184135      -1       -1       -1       -1       -1      -55       -1       -1       -1       -1       -1       -1       -1       -1       -1       -1       -1       -1                         -1
50253    4533676      -1      -57       -1       -1       -1       -1       -1       -1       -1       -1       -1       -1       -1       -1       -1       -1       -1       -1                         -1
50330   14708012      -1       -1       -1       -1       -1       -1       -1       -1       -1       -1       -1       -1       -1       -1      -56       -1       -1       -1                         -1
50343   19057342      -1       -1      -55       -1       -1       -1       -1       -1       -1       -1       -1       -1       -1       -1       -1       -1       -1       -1                         -1
50356    9260660     -57       -1       -1       -1       -1       -1       -1       -1       -1       -1       -1       -1       -1       -1       -1       -1       -1       -1                         -1
50463   11250511      -1       -1       -1       -1       -1       -1       -1       -1       -1       -1       -1       -1       -1      -55       -1       -1       -1       -1                         -1
50466   28170571      -1       -1       -1       -1       -1       -1       -1       -1       -1       -1       -1       -1       -1       -1       -1       -1       -1      -52                         -1
50467    6539507      -1       -1       -1       -1       -1       -1       -1       -1       -1       -1       -1       -1       -1      -55       -1       -1       -1       -1                         -1
50468   10392270      -1       -1      -55       -1       -1       -1       -1       -1       -1       -1       -1       -1       -1       -1       -1       -1       -1       -1                         -1
50470    6221730      -1       -1       -1       -1       -1      -56       -1       -1       -1       -1       -1       -1       -1       -1       -1       -1       -1       -1                         -1
50471    3020821      -1       -1       -1       -1       -1       -1       -1       -1       -1       -1       -1       -1       -1       -1       -1       -1      -54       -1                         -1
50492   19278158      -1       -1       -1       -1       -1       -1       -1       -1       -1       -1       -1       -1      -56       -1       -1       -1       -1       -1                         -1
50500   28402479      -1       -1       -1       -1       -1      -55       -1       -1       -1       -1       -1       -1       -1       -1       -1       -1       -1       -1                         -1
50520   10062318      -1       -1       -1       -1       -1       -1       -1       -1       -1       -1       -1       -1       -1       -1       -1       -1      -54       -1                         -1
50522    4997125      -1       -1      -54       -1       -1       -1       -1       -1       -1       -1       -1       -1       -1       -1       -1       -1       -1       -1                         -1
50527    5299754      -1       -1       -1       -1       -1       -1       -1       -1       -1       -1       -1       -1       -1       -1       -1       -1      -53       -1                         -1
50528    8720920      -1       -1       -1       -1       -1       -1       -1       -1       -1       -1      -55       -1       -1       -1       -1       -1       -1       -1                         -1
50529   18172320      -1       -1      -55       -1       -1       -1       -1       -1       -1       -1       -1       -1       -1       -1       -1       -1       -1       -1                         -1
50531    2856459      -1       -1       -1       -1       -1       -1       -1       -1       -1       -1       -1       -1       -1       -1       -1      -56       -1       -1                         -1
50535    8959641      -1      -55       -1       -1       -1       -1       -1       -1       -1       -1       -1       -1       -1       -1       -1       -1       -1       -1                         -1
50546    6380348      -1       -1      -55       -1       -1       -1       -1       -1       -1       -1       -1       -1       -1       -1       -1       -1       -1       -1                         -1
50549   10512869      -1       -1       -1       -1       -1       -1       -1       -1       -1       -1       -1       -1       -1       -1      -56       -1       -1       -1                         -1
50554   14340440      -1       -1       -1       -1       -1       -1       -1       -1       -1       -1       -1       -1       -1       -1      -55       -1       -1       -1                         -1
50561    7802953      -1       -1       -1       -1       -1      -55       -1       -1       -1       -1       -1       -1       -1       -1       -1       -1       -1       -1                         -1
50563    4242156      -1       -1       -1       -1       -1       -1       -1      -56       -1       -1       -1       -1       -1       -1       -1       -1       -1       -1                         -1
50564    3433992      -1       -1      -55       -1       -1       -1       -1       -1       -1       -1       -1       -1       -1       -1       -1       -1       -1       -1                         -1
50569    8806757      -1       -1       -1       -1       -1       -1       -1       -1       -1       -1       -1       -1      -55       -1       -1       -1       -1       -1                         -1
50599   18141031      -1       -1       -1       -1       -1       -1       -1       -1       -1       -1       -1       -1       -1       -1       -1      -58       -1       -1                         -1
50601    8267649      -1       -1       -1       -1       -1       -1       -1       -1       -1       -1       -1       -1       -1       -1      -55       -1       -1       -1                         -1
50603   26415958      -1      -55       -1       -1       -1       -1       -1       -1       -1       -1       -1       -1       -1       -1       -1       -1       -1       -1                         -1
50605    9564820      -1       -1       -1       -1       -1       -1       -1       -1       -1       -1       -1       -1       -1      -56       -1       -1       -1       -1                         -1
50606   19476646      -1      -55       -1       -1       -1       -1       -1       -1       -1       -1       -1       -1       -1       -1       -1       -1       -1       -1                         -1
50615    4594619      -1       -1       -1       -1       -1       -1       -1       -1       -1       -1      -56       -1       -1       -1       -1       -1       -1       -1                         -1
50655    4654581      -1       -1       -1       -1       -1      -56       -1       -1       -1       -1       -1       -1       -1       -1       -1       -1       -1       -1                         -1
50660    4848925      -1      -56       -1       -1       -1       -1       -1       -1       -1       -1       -1       -1       -1       -1       -1       -1       -1       -1                         -1
50661    2496392      -1       -1      -55       -1       -1       -1       -1       -1       -1       -1       -1       -1       -1       -1       -1       -1       -1       -1                         -1
50662    7866495      -1       -1       -1       -1       -1      -55       -1       -1       -1       -1       -1       -1       -1       -1       -1       -1       -1       -1                         -1
50663   10884933      -1       -1      -55       -1       -1       -1       -1       -1       -1       -1       -1       -1       -1       -1       -1       -1       -1       -1                         -1
50668   19368663      -1      -55       -1       -1       -1       -1       -1       -1       -1       -1       -1       -1       -1       -1       -1       -1       -1       -1                         -1
50670    3304686      -1       -1       -1       -1       -1       -1       -1       -1       -1       -1       -1       -1       -1       -1      -55       -1       -1       -1                         -1
50673   24907998      -1       -1       -1       -1       -1       -1       -1       -1       -1       -1       -1       -1       -1       -1       -1       -1       -1      -53                         -1
50674    9788425      -1      -55       -1       -1       -1       -1       -1       -1       -1       -1       -1       -1       -1       -1       -1       -1       -1       -1                         -1
50676    4315830      -1       -1       -1       -1       -1      -55       -1       -1       -1       -1       -1       -1       -1       -1       -1       -1       -1       -1                         -1
50677    5138342      -1      -55       -1       -1       -1       -1       -1       -1       -1       -1       -1       -1       -1       -1       -1       -1       -1       -1                         -1
50853    6013846      -2       -2       -2       -2       -2       -2       -2       -2       -2       -2       -2       -2       -2       -2       -2       -2      -55       -2                         -2
50857   26837792      -2       -2      -56       -2       -2       -2       -2       -2       -2       -2       -2       -2       -2       -2       -2       -2       -2       -2                         -2
50874   12855657      -2       -2       -2       -2       -2       -2       -2       -2       -2       -2       -2      -56       -2       -2       -2       -2       -2       -2                         -2
50875    9162596      -2       -2       -2       -2       -2       -2       -2       -2       -2       -2       -2       -2       -2       -2      -56       -2       -2       -2                         -2
50885    9217785      -2       -2       -2       -2       -2       -2       -2       -2       -2       -2       -2       -2       -2       -2      -57       -2       -2       -2                         -2
50886    8878547      -2       -2       -2       -2       -2       -2       -2       -2       -2       -2       -2       -2       -2       -2       -2       -2      -55       -2                         -2
50897    4628119      -2       -2      -57       -2       -2       -2       -2       -2       -2       -2       -2       -2       -2       -2       -2       -2       -2       -2                         -2
50962    6728251      -2       -2       -2       -2       -2       -2       -2       -2       -2       -2       -2       -2       -2       -2      -56       -2       -2       -2                         -2
50965    5658092      -2       -2       -2       -2       -2       -2       -2       -2       -2       -2       -2       -2       -2       -2      -57       -2       -2       -2                         -2
50969    9895847      -2       -2      -57       -2       -2       -2       -2       -2       -2       -2       -2       -2       -2       -2       -2       -2       -2       -2                         -2
50987   12610105      -2       -2       -2       -2       -2       -2       -2       -2       -2       -2       -2       -2       -2      -55       -2       -2       -2       -2                         -2
50996   13154543      -2       -2       -2       -2       -2       -2       -2       -2       -2       -2      -57       -2       -2       -2       -2       -2       -2       -2                         -2
51012   11497276      -2       -2       -2       -2       -2       -2       -2       -2       -2       -2       -2       -2       -2       -2      -56       -2       -2       -2                         -2
51160   13552203      -2       -2      -55       -2       -2       -2       -2       -2       -2       -2       -2       -2       -2       -2       -2       -2       -2       -2                         -2
51162   10510116      -2       -2       -2       -2       -2       -2       -2       -2       -2       -2       -2       -2       -2       -2       -2      -56       -2       -2                         -2
51163    2806575      -2       -2       -2       -2       -2       -2       -2       -2       -2       -2       -2       -2       -2       -2       -2       -2      -55       -2                         -2
51166    3003925      -2       -2       -2       -2       -2       -2       -2       -2       -2       -2       -2       -2       -2      -56       -2       -2       -2       -2                         -2
51179    7308990      -2       -2       -2       -2       -2       -2       -2       -2       -2      -57       -2       -2       -2       -2       -2       -2       -2       -2                         -2
51183    3520068      -2       -2       -2       -2       -2       -2       -2      -15       -2       -2       -2       -2       -2       -2       -2       -2       -2       -2                         -2
51200   10919909     -56       -2       -2       -2       -2       -2       -2       -2       -2       -2       -2       -2       -2       -2       -2       -2       -2       -2                         -2
51201    9839418      -2      -57       -2       -2       -2       -2       -2       -2       -2       -2       -2       -2       -2       -2       -2       -2       -2       -2                         -2
51202    7864870      -2       -2      -57       -2       -2       -2       -2       -2       -2       -2       -2       -2       -2       -2       -2       -2       -2       -2                         -2
51208   10339527      -2      -56       -2       -2       -2       -2       -2       -2       -2       -2       -2       -2       -2       -2       -2       -2       -2       -2                         -2
51209   14457564      -2       -2       -2       -2       -2       -2       -2       -2       -2       -2       -2       -2       -2       -2       -2      -56       -2       -2                         -2
51210   14367456      -2      -56       -2       -2       -2       -2       -2       -2       -2       -2       -2       -2       -2       -2       -2       -2       -2       -2                         -2
51211   15223277      -2       -2       -2       -2       -2       -2       -2       -2       -2       -2       -2       -2       -2       -2       -2       -2      -55       -2                         -2
51212   27647628      -2       -2       -2       -2       -2       -2       -2       -2       -2       -2       -2       -2       -2      -56       -2       -2       -2       -2                         -2
51213    3767866      -2       -2       -2       -2       -2       -2       -2      -56       -2       -2       -2       -2       -2       -2       -2       -2       -2       -2                         -2
51214    5914929      -2       -2       -2       -2       -2       -2       -2       -2       -2       -2       -2      -57       -2       -2       -2       -2       -2       -2                         -2
51215   22480640      -2       -2       -2       -2       -2       -2       -2       -2       -2       -2       -2       -2       -2       -2       -2      -55       -2       -2                         -2
51220    8209683      -2       -2       -2       -2       -2       -2       -2       -2      -56       -2       -2       -2       -2       -2       -2       -2       -2       -2                         -2
51221    9322834      -2       -2       -2       -2       -2       -2       -2       -2       -2       -2       -2       -2       -2       -2       -2       -2       -2      -54                         -2
51225    5992170      -2      -56       -2       -2       -2       -2       -2       -2       -2       -2       -2       -2       -2       -2       -2       -2       -2       -2                         -2
51230    8005645      -2       -2       -2       -2       -2       -2       -2       -2       -2       -2       -2       -2       -2       -2      -56       -2       -2       -2                         -2
51236    8955354      -2       -2      -45       -2      -45       -2       -2       -2       -2     -102       -2       -2       -2       -2       -2       -2       -2       -2                         -2
51237    7503057      -2       -2       -2       -2       -2       -2       -2       -2       -2       -2       -2       -2      -66      -66                -2       -2       -2                         -2
51509    4178700      -2       -2       -2       -2       -2       -2       -2       -2       -2       -2       -2      -56       -2       -2       -2       -2       -2       -2                         -2
51575    3708170      -2       -2       -2       -2       -2       -2       -2       -2       -2       -2       -2       -2       -2      -55       -2       -2       -2       -2                         -2
51607    1838444      -2       -2       -2       -2       -2      -55       -2       -2       -2       -2       -2       -2       -2       -2       -2       -2       -2       -2                         -2
51740    3715921      -2       -2       -2       -2       -2       -2       -2       -2       -2       -2       -2       -2      -55       -2       -2       -2       -2       -2                         -2
51839   13890469      -2       -2       -2       -2       -2       -2       -2       -2       -2      -55       -2       -2       -2       -2       -2       -2       -2       -2                         -2
51841    1889222      -2       -2       -2       -2       -2      -55       -2       -2       -2       -2       -2       -2       -2       -2       -2       -2       -2       -2                         -2
51843    3807975      -2     -180       -2       -2       -2       -2       -2       -2       -2       -2       -2       -2       -2       -2       -2       -2       -2       -2                         -2
51908   14814384      -2      -55       -2       -2       -2       -2       -2       -2       -2       -2       -2       -2       -2       -2       -2       -2       -2       -2                         -2
51924   13261383      -2       -2       -2       -2       -2       -2       -2       -2       -2       -2      -55       -2       -2       -2       -2       -2       -2       -2                         -2
51945   10192443      -2       -2       -2       -2       -2       -2       -2       -2       -2       -2       -2       -2       -2       -2      -55       -2       -2       -2                         -2
51949   10309386      -2       -2       -2       -2       -2       -2       -2       -2       -2      -55       -2       -2       -2       -2       -2       -2       -2       -2                         -2
51954   29959745      -2       -2       -2       -2       -2       -2       -2       -2       -2       -2       -2       -2      -55       -2       -2       -2       -2       -2                         -2
51958    2782529      -2       -2      -54       -2       -2       -2       -2       -2       -2       -2       -2       -2       -2       -2       -2       -2       -2       -2                         -2
51977    3650968      -2       -2       -2       -2       -2       -2     -200       -2       -2       -2       -2       -2       -2       -2       -2       -2       -2       -2                         -2
51978    3029210      -2       -2       -2       -2       -2       -2     -119       -2       -2       -2       -2       -2       -2       -2       -2       -2       -2       -2                         -2
51997    2680712      -2       -2       -2       -2       -2      -55       -2       -2       -2       -2       -2       -2       -2       -2       -2       -2       -2       -2                         -2
52030   10078352      -2       -2       -2       -2      -55       -2       -2       -2       -2       -2       -2       -2       -2       -2       -2       -2       -2       -2                         -2
52044    1666135      -2       -2       -2       -2       -2       -2       -2      -55       -2       -2       -2       -2       -2       -2       -2       -2       -2       -2                         -2
52068    3266151      -2       -2       -2       -2       -2       -2       -2       -2       -2       -2       -2       -2       -2       -2       -2       -2       -2       -2                        -58
52097    1768172      -2       -3       -2       -2       -2       -2       -2       -2       -2       -2       -2       -2       -2       -2       -2       -2       -2       -2                         -2
52103    4791997      -2       -2      -55       -2       -2       -2       -2       -2       -2       -2       -2       -2       -2       -2       -2       -2       -2       -2                         -2
52108   12997268      -2       -2       -2       -2       -2       -2       -2       -2       -2       -2       -2      -55       -2       -2       -2       -2       -2       -2                         -2
52110    3051411      -2      -55       -2       -2       -2       -2       -2       -2       -2       -2       -2       -2       -2       -2       -2       -2       -2       -2                         -2
52112    2813256      -2       -2      -55       -2       -2       -2       -2       -2       -2       -2       -2       -2       -2       -2       -2       -2       -2       -2                         -2
52289    6825192      -2       -2       -2       -2       -2       -2       -2       -2       -2       -2       -2       -2      -55       -2       -2       -2       -2       -2                         -2
52290    2722913      -2       -2       -2       -2       -2      -54       -2       -2       -2       -2       -2       -2       -2       -2       -2       -2       -2       -2                         -2
52291    7137175      -2       -2       -2       -2       -2      -55       -2       -2       -2       -2       -2       -2       -2       -2       -2       -2       -2       -2                         -2
52314   10628664      -2       -2       -2       -2       -2       -2       -2      -54       -2       -2       -2       -2       -2       -2       -2       -2       -2       -2                         -2
52323   35421665      -2       -2       -2       -2       -2       -2       -2       -2       -2       -2       -2       -2       -2       -2       -2       -2      -55       -2                         -2
52325   26824419      -2       -2       -2       -2       -2       -2       -2       -2       -2       -2       -2       -2      -55       -2       -2       -2       -2       -2                         -2
52326   28395858      -2       -2       -2       -2       -2       -2       -2      -55       -2       -2       -2       -2       -2       -2       -2       -2       -2       -2                         -2
52348   21772266      -2       -2       -2       -2       -2       -2       -2       -2       -2       -2       -2      -54       -2       -2       -2       -2       -2       -2                         -2
52357    4228258      -2       -2       -2       -2       -2       -2       -2       -2       -2       -2       -2       -2      -56       -2       -2       -2       -2       -2                         -2
52360   30556566      -2       -2       -2       -2       -2       -2       -2       -2       -2       -2       -2      -54       -2       -2       -2       -2       -2       -2                         -2
52367    4356671      -2      -55       -2       -2       -2       -2       -2       -2       -2       -2       -2       -2       -2       -2       -2       -2       -2       -2                         -2
52394   20661520      -2       -2       -2       -2       -2       -2       -2       -2       -2       -2       -2       -2       -2     -122       -2       -2       -2       -2                         -2
52522   15966468      -2       -2       -2       -2       -2       -2       -2      -15       -2       -2       -2       -2       -2       -2       -2       -2       -2       -2                         -2
52576   12155358      -2       -2       -2       -2       -2       -2       -2       -2       -2       -2       -2       -2     -339       -2       -2       -2       -2       -2                         -2
52580   10010624      -2       -2       -2       -2      -55       -2       -2       -2       -2       -2       -2       -2       -2       -2       -2       -2       -2       -2                         -2
52593   14133600      -2       -2       -2       -2      -54       -2       -2       -2       -2       -2       -2       -2       -2       -2       -2       -2       -2       -2                         -2
52595    4404291      -2       -2       -2       -2       -2       -2       -2       -2       -2       -2       -2       -2      -55       -2       -2       -2       -2       -2                         -2
52638    8061918     -53       -2       -2       -2       -2       -2       -2       -2       -2       -2       -2       -2       -2       -2       -2       -2       -2       -2                         -2
52653   10535390      -2       -2       -2       -2       -2       -2       -2       -2       -2     -238       -2       -2       -2       -2       -2       -2       -2       -2                         -2
52660    8129795      -2       -2       -2       -2       -2       -2       -2       -2       -2       -2       -2       -2      -54       -2       -2       -2       -2       -2                         -2
53049    4250230     -54       -2       -2       -2       -2       -2       -2       -2       -2       -2       -2       -2       -2       -2       -2       -2       -2       -2                         -2
53312   23819998     -54       -2       -2       -2       -2       -2       -2       -2       -2       -2       -2       -2       -2       -2       -2       -2       -2       -2                         -2
53376   19472225      -2       -2       -2       -2       -2       -2       -2       -2       -2       -2       -2       -2       -2       -2      -54       -2       -2       -2                         -2
53452   27146599      -2       -2       -2       -2       -2       -2       -2       -2       -2       -2       -2      -53       -2       -2       -2       -2       -2       -2                         -2
53742    3045811      -2       -2       -2       -2       -2       -2       -2       -2       -2      -52       -2       -2       -2       -2       -2       -2       -2       -2                         -2
53794   27667551      -2       -2       -2       -2       -2       -2      -54       -2       -2       -2       -2       -2       -2       -2       -2       -2       -2       -2                         -2
53856    6963378      -2       -2       -2       -2      -52       -2       -2       -2       -2       -2       -2       -2       -2       -2       -2       -2       -2       -2                         -2

TOTAL   3787321448
