47306
47333
47352
47360
47376
47379
47381
47391
47393
47394
47395
47396
47454
47457
47463
47474
47480
47481
47482
47485
47492
47495
47507
47514
47568
47582
47628
47636
47657
47658
47659
47661
47662
47666
47715
47722
47723
47730
47824
47852
47869
47977
47978
47979
47999
48001
48008
48073
48082
48085
48099
48239
48244
48320
48325
48343
48418
48512
48656
48721
48725
48726
48732
48734
48742
48745
48801
48803
48805
48813
48826
48828
48864
48883
48885
48901
48903
48938
48940
48951
48982
48983
48984
48986
48987
48990
49023
49026
49027
49031
49035
49053
49062
49065
49066
49067
49070
49071
49072
49113
49125
49128
49159
49165
49227
49228
49244
49245
49248
49249
49254
49262
49263
49268
49308
49309
49313
49314
49316
49317
49324
49329
49330
49345
49347
49348
49351
49352
49358
49359
49360
49365
49368
49376
49377
49379
49382
49383
49385
49432
49437
49439
49446
49447
49448
49449
49451
49452
49453
49454
49455
49457
49468
49652
49656
49658
49659
49660
49661
49662
49664
49736
49760
49761
49762
49919
49922
49923
49926
49928
49930
49962
49964
49967
49970
50034
50046
50047
50068
50070
50076
50253
50330
50343
50356
50463
50466
50467
50468
50470
50471
50492
50500
50520
50522
50527
50528
50529
50531
50535
50546
50549
50554
50561
50563
50564
50569
50599
50601
50603
50605
50606
50615
50655
50660
50661
50662
50663
50668
50670
50673
50674
50676
50677
50853
50857
50874
50875
50885
50886
50897
50962
50965
50969
50987
50996
51012
51160
51162
51163
51166
51179
51183
51200
51201
51202
51208
51209
51210
51211
51212
51213
51214
51215
51220
51221
51225
51230
51236
51237
51509
51575
51607
51740
51839
51841
51843
51908
51924
51945
51949
51954
51958
51977
51978
51997
52030
52044
52068
52097
52103
52108
52110
52112
52289
52290
52291
52314
52323
52325
52326
52348
52357
52360
52367
52394
52522
52576
52580
52593
52595
52638
52653
52660
53049
53312
53376
53452
53742
53794
53856
